5 0.430804 0.928571 0.245536 0.133929
5 0.970982 0.901786 0.049107 0.178571
5 0.772321 0.890625 0.250000 0.200893
5 0.167411 0.879464 0.245536 0.232143
5 0.560268 0.839286 0.165179 0.285714
5 0.316964 0.700893 0.116071 0.160714
5 0.125000 0.616071 0.178571 0.187500
5 0.904018 0.609375 0.183036 0.290179
5 0.654018 0.589286 0.227679 0.330357
5 0.412946 0.535714 0.156250 0.223214
5 0.082589 0.368304 0.165179 0.263393
5 0.294643 0.339286 0.196429 0.276786
5 0.975446 0.332589 0.040179 0.290179
5 0.792411 0.296875 0.191964 0.236607
5 0.517857 0.227679 0.312500 0.312500
5 0.917411 0.064732 0.156250 0.129464
5 0.705357 0.029018 0.125000 0.058036
5 0.435268 0.040179 0.209821 0.080357
5 0.129464 0.107143 0.258929 0.214286
