3 0.082589 0.930804 0.165179 0.129464
3 0.375000 0.872768 0.258929 0.245536
3 0.660714 0.870536 0.241071 0.250000
3 0.919643 0.839286 0.151786 0.312500
3 0.042411 0.638393 0.084821 0.312500
3 0.287946 0.598214 0.245536 0.312500
3 0.627232 0.535714 0.254464 0.339286
3 0.883929 0.464286 0.214286 0.285714
3 0.435268 0.301339 0.245536 0.316964
3 0.084821 0.299107 0.169643 0.312500
3 0.868304 0.140625 0.254464 0.281250
3 0.607143 0.064732 0.285714 0.129464
3 0.250000 0.104911 0.258929 0.209821
3 0.040179 0.051339 0.080357 0.102679
