4 0.595982 0.933036 0.245536 0.125000
4 0.830357 0.895089 0.223214 0.200893
4 0.214286 0.837054 0.276786 0.308036
4 0.477679 0.747768 0.205357 0.236607
4 0.705357 0.671875 0.214286 0.254464
4 0.910714 0.591518 0.169643 0.299107
4 0.337054 0.504464 0.218750 0.232143
4 0.111607 0.549107 0.223214 0.357143
4 0.562500 0.412946 0.196429 0.245536
4 0.774554 0.381696 0.209821 0.209821
4 0.935268 0.258929 0.120536 0.241071
4 0.287946 0.214286 0.415179 0.348214
4 0.698661 0.118304 0.406250 0.236607
4 0.125000 0.089286 0.250000 0.178571
