4 0.495536 0.883929 0.232143 0.223214
4 0.171875 0.881696 0.263393 0.227679
4 0.897321 0.837054 0.196429 0.245536
4 0.187500 0.638393 0.223214 0.241071
4 0.888393 0.589286 0.196429 0.232143
4 0.625000 0.616071 0.250000 0.491071
4 0.395089 0.417411 0.200893 0.245536
4 0.939732 0.305804 0.111607 0.281250
4 0.127232 0.301339 0.200893 0.299107
4 0.736607 0.254464 0.205357 0.258929
4 0.495536 0.138393 0.205357 0.241071
4 0.933036 0.049107 0.125000 0.098214
4 0.732143 0.044643 0.178571 0.089286
4 0.214286 0.089286 0.187500 0.178571
