4 0.207589 0.964286 0.147321 0.062500
4 0.042411 0.908482 0.084821 0.174107
4 0.723214 0.810268 0.401786 0.334821
4 0.314732 0.763393 0.156250 0.241071
4 0.939732 0.645089 0.111607 0.263393
4 0.506696 0.566964 0.156250 0.285714
4 0.167411 0.506696 0.209821 0.325893
4 0.727679 0.468750 0.205357 0.267857
4 0.354911 0.426339 0.138393 0.209821
4 0.910714 0.303571 0.169643 0.330357
4 0.595982 0.270089 0.191964 0.290179
4 0.064732 0.200893 0.129464 0.267857
4 0.256696 0.142857 0.183036 0.258929
4 0.770089 0.118304 0.263393 0.236607
4 0.502232 0.100446 0.191964 0.200893
