3 0.654018 0.966518 0.218750 0.058036
3 0.933036 0.957589 0.125000 0.075893
3 0.424107 0.933036 0.223214 0.125000
3 0.187500 0.908482 0.223214 0.174107
3 0.042411 0.857143 0.084821 0.276786
3 0.868304 0.765625 0.254464 0.308036
3 0.535714 0.705357 0.375000 0.455357
3 0.234375 0.625000 0.209821 0.330357
3 0.087054 0.520089 0.174107 0.299107
3 0.875000 0.439732 0.241071 0.299107
3 0.591518 0.354911 0.236607 0.299107
3 0.339286 0.294643 0.250000 0.330357
3 0.098214 0.203125 0.196429 0.316964
3 0.861607 0.142857 0.267857 0.258929
3 0.589286 0.084821 0.267857 0.169643
3 0.323661 0.049107 0.227679 0.098214
