4 0.709821 0.948661 0.178571 0.093750
4 0.555804 0.845982 0.218750 0.299107
4 0.937500 0.741071 0.116071 0.330357
4 0.118304 0.685268 0.209821 0.281250
4 0.792411 0.636161 0.191964 0.299107
4 0.453125 0.591518 0.245536 0.316964
4 0.214286 0.441964 0.223214 0.285714
4 0.700893 0.419643 0.241071 0.348214
4 0.964286 0.303571 0.062500 0.312500
4 0.363839 0.205357 0.218750 0.276786
4 0.881696 0.131696 0.227679 0.263393
4 0.582589 0.131696 0.227679 0.263393
4 0.220982 0.042411 0.272321 0.084821
4 0.064732 0.138393 0.129464 0.276786
