3 0.629464 0.915179 0.160714 0.160714
3 0.345982 0.888393 0.183036 0.214286
3 0.062500 0.870536 0.125000 0.250000
3 0.129464 0.790179 0.205357 0.330357
3 0.743304 0.754464 0.165179 0.303571
3 0.917411 0.776786 0.156250 0.366071
3 0.520089 0.754464 0.165179 0.357143
3 0.354911 0.529018 0.183036 0.343750
3 0.151786 0.415179 0.205357 0.303571
3 0.964286 0.392857 0.062500 0.330357
3 0.747768 0.361607 0.191964 0.357143
3 0.522321 0.316964 0.178571 0.348214
3 0.901786 0.138393 0.187500 0.276786
3 0.674107 0.035714 0.151786 0.071429
3 0.323661 0.147321 0.183036 0.294643
3 0.066964 0.104911 0.133929 0.209821
