3 0.415179 0.964286 0.187500 0.062500
3 0.689732 0.962054 0.200893 0.066964
3 0.151786 0.899554 0.276786 0.191964
3 0.895089 0.816964 0.200893 0.339286
3 0.625000 0.696429 0.437500 0.348214
3 0.113839 0.607143 0.227679 0.339286
3 0.377232 0.517857 0.245536 0.303571
3 0.962054 0.486607 0.066964 0.276786
3 0.843750 0.361607 0.214286 0.321429
3 0.633929 0.310268 0.214286 0.299107
3 0.220982 0.216518 0.218750 0.325893
3 0.924107 0.093750 0.142857 0.187500
3 0.758929 0.080357 0.187500 0.160714
3 0.464286 0.165179 0.241071 0.330357
3 0.055804 0.174107 0.111607 0.348214
