2 0.178571 0.968750 0.142857 0.053571
2 0.354911 0.964286 0.165179 0.062500
2 0.044643 0.948661 0.089286 0.093750
2 0.580357 0.863839 0.169643 0.084821
2 0.832589 0.872768 0.191964 0.191964
2 0.053571 0.772321 0.107143 0.133929
2 0.604911 0.761161 0.156250 0.120536
2 0.466518 0.770089 0.138393 0.138393
2 0.209821 0.734375 0.196429 0.165179
2 0.102679 0.571429 0.205357 0.169643
2 0.814732 0.620536 0.236607 0.276786
2 0.647321 0.529018 0.169643 0.200893
2 0.417411 0.500000 0.218750 0.294643
2 0.948661 0.386161 0.093750 0.227679
2 0.178571 0.366071 0.223214 0.196429
2 0.589286 0.341518 0.187500 0.236607
2 0.794643 0.279018 0.160714 0.263393
2 0.171875 0.185268 0.183036 0.191964
2 0.924107 0.042411 0.142857 0.084821
2 0.571429 0.026786 0.160714 0.053571
2 0.399554 0.131696 0.218750 0.263393
2 0.071429 0.022321 0.116071 0.044643
