3 0.415179 0.948661 0.223214 0.093750
3 0.158482 0.917411 0.272321 0.156250
3 0.694196 0.915179 0.236607 0.160714
3 0.917411 0.790179 0.156250 0.294643
3 0.529018 0.689732 0.218750 0.308036
3 0.770089 0.633929 0.236607 0.321429
3 0.212054 0.562500 0.424107 0.500000
3 0.540179 0.354911 0.196429 0.290179
3 0.821429 0.294643 0.348214 0.339286
3 0.386161 0.207589 0.209821 0.308036
3 0.901786 0.040179 0.178571 0.080357
3 0.667411 0.091518 0.200893 0.183036
3 0.482143 0.020089 0.133929 0.040179
3 0.174107 0.145089 0.285714 0.290179
