4 0.839286 0.966518 0.187500 0.058036
4 0.321429 0.928571 0.258929 0.133929
4 0.962054 0.890625 0.066964 0.209821
4 0.723214 0.819196 0.205357 0.254464
4 0.506696 0.729911 0.200893 0.263393
4 0.265625 0.718750 0.200893 0.241071
4 0.073661 0.671875 0.147321 0.263393
4 0.029018 0.437500 0.058036 0.187500
4 0.573661 0.448661 0.218750 0.308036
4 0.287946 0.408482 0.236607 0.263393
4 0.841518 0.453125 0.308036 0.388393
4 0.116071 0.227679 0.232143 0.276786
4 0.921875 0.089286 0.147321 0.178571
4 0.761161 0.116071 0.209821 0.232143
4 0.573661 0.084821 0.174107 0.169643
4 0.375000 0.116071 0.196429 0.232143
