4 0.944196 0.955357 0.102679 0.080357
4 0.299107 0.897321 0.401786 0.196429
4 0.977679 0.848214 0.035714 0.142857
4 0.720982 0.823661 0.424107 0.343750
4 0.051339 0.738839 0.102679 0.334821
4 0.446429 0.662946 0.250000 0.388393
4 0.899554 0.542411 0.191964 0.281250
4 0.174107 0.560268 0.250000 0.352679
4 0.964286 0.361607 0.062500 0.223214
4 0.705357 0.441964 0.312500 0.544643
4 0.470982 0.296875 0.209821 0.272321
4 0.234375 0.256696 0.236607 0.272321
4 0.850446 0.111607 0.290179 0.223214
4 0.553571 0.100446 0.258929 0.200893
4 0.223214 0.051339 0.241071 0.102679
4 0.049107 0.129464 0.098214 0.258929
