0 0.339286 0.970982 0.151786 0.049107
0 0.821429 0.939732 0.116071 0.111607
0 0.207589 0.928571 0.415179 0.133929
0 0.535714 0.915179 0.107143 0.160714
0 0.241071 0.783482 0.160714 0.075893
0 0.676339 0.852679 0.075893 0.285714
0 0.444196 0.718750 0.058036 0.107143
0 0.863839 0.696429 0.120536 0.133929
0 0.265625 0.629464 0.075893 0.080357
0 0.091518 0.658482 0.183036 0.281250
0 0.685268 0.520089 0.102679 0.129464
0 0.138393 0.399554 0.276786 0.147321
0 0.502232 0.386161 0.093750 0.156250
0 0.328125 0.350446 0.102679 0.084821
0 0.848214 0.412946 0.294643 0.352679
0 0.439732 0.258929 0.129464 0.089286
0 0.227679 0.229911 0.455357 0.183036
0 0.758929 0.218750 0.473214 0.214286
