3 0.377232 0.948661 0.183036 0.093750
3 0.872768 0.935268 0.191964 0.120536
3 0.133929 0.915179 0.205357 0.160714
3 0.549107 0.866071 0.205357 0.258929
3 0.741071 0.754464 0.232143 0.276786
3 0.383929 0.725446 0.178571 0.281250
3 0.191964 0.700893 0.178571 0.267857
3 0.046875 0.669643 0.093750 0.241071
3 0.517857 0.607143 0.178571 0.196429
3 0.924107 0.642857 0.142857 0.285714
3 0.636161 0.488839 0.174107 0.227679
3 0.020089 0.415179 0.040179 0.232143
3 0.825893 0.419643 0.232143 0.267857
3 0.975446 0.386161 0.040179 0.209821
3 0.212054 0.406250 0.218750 0.285714
3 0.071429 0.218750 0.142857 0.276786
3 0.604911 0.191964 0.218750 0.303571
3 0.863839 0.151786 0.263393 0.303571
3 0.662946 0.055804 0.191964 0.111607
3 0.323661 0.252232 0.406250 0.504464
