4 0.064732 0.906250 0.129464 0.178571
4 0.946429 0.872768 0.098214 0.245536
4 0.243304 0.861607 0.254464 0.267857
4 0.482143 0.816964 0.187500 0.223214
4 0.718750 0.834821 0.223214 0.285714
4 0.098214 0.629464 0.196429 0.250000
4 0.866071 0.625000 0.232143 0.267857
4 0.629464 0.470982 0.223214 0.272321
4 0.292411 0.491071 0.397321 0.464286
4 0.957589 0.339286 0.075893 0.276786
4 0.482143 0.254464 0.241071 0.276786
4 0.790179 0.212054 0.250000 0.316964
4 0.102679 0.162946 0.205357 0.254464
4 0.640625 0.042411 0.191964 0.084821
4 0.341518 0.095982 0.236607 0.191964
