0 0.426339 0.919643 0.218750 0.151786
0 0.145089 0.872768 0.102679 0.120536
0 0.792411 0.828125 0.066964 0.093750
0 0.520089 0.819196 0.156250 0.111607
0 0.426339 0.745536 0.120536 0.125000
0 0.819196 0.671875 0.084821 0.147321
0 0.522321 0.609375 0.071429 0.138393
0 0.299107 0.591518 0.080357 0.174107
0 0.058036 0.656250 0.116071 0.392857
0 0.225446 0.484375 0.058036 0.111607
0 0.488839 0.401786 0.093750 0.187500
0 0.350446 0.332589 0.165179 0.325893
0 0.491071 0.145089 0.107143 0.138393
0 0.680804 0.363839 0.406250 0.638393
0 0.870536 0.087054 0.080357 0.102679
0 0.959821 0.142857 0.071429 0.285714
0 0.540179 0.026786 0.125000 0.053571
0 0.350446 0.082589 0.129464 0.165179
