2 0.486607 0.975446 0.267857 0.040179
2 0.142857 0.964286 0.285714 0.062500
2 0.763393 0.944196 0.178571 0.102679
2 0.080357 0.868304 0.160714 0.156250
2 0.468750 0.832589 0.178571 0.138393
2 0.808036 0.709821 0.232143 0.205357
2 0.531250 0.636161 0.232143 0.156250
2 0.207589 0.642857 0.343750 0.339286
2 0.792411 0.497768 0.236607 0.191964
2 0.975446 0.435268 0.040179 0.209821
2 0.930804 0.218750 0.111607 0.151786
2 0.270089 0.321429 0.433036 0.419643
2 0.593750 0.232143 0.285714 0.303571
2 0.839286 0.040179 0.080357 0.080357
2 0.671875 0.058036 0.200893 0.116071
2 0.308036 0.091518 0.267857 0.183036
