3 0.703125 0.933036 0.254464 0.125000
3 0.325893 0.912946 0.339286 0.165179
3 0.908482 0.881696 0.174107 0.227679
3 0.098214 0.752232 0.196429 0.308036
3 0.357143 0.678571 0.312500 0.285714
3 0.671875 0.687500 0.281250 0.339286
3 0.912946 0.595982 0.165179 0.281250
3 0.533482 0.412946 0.272321 0.245536
3 0.187500 0.412946 0.303571 0.325893
3 0.801339 0.319196 0.272321 0.343750
3 0.933036 0.125000 0.125000 0.250000
3 0.765625 0.058036 0.174107 0.116071
3 0.459821 0.140625 0.366071 0.281250
3 0.138393 0.073661 0.276786 0.147321
