2 0.814732 0.948661 0.191964 0.093750
2 0.323661 0.948661 0.174107 0.093750
2 0.970982 0.937500 0.049107 0.116071
2 0.580357 0.895089 0.205357 0.200893
2 0.417411 0.772321 0.129464 0.160714
2 0.109375 0.843750 0.218750 0.303571
2 0.881696 0.707589 0.200893 0.254464
2 0.611607 0.656250 0.178571 0.214286
2 0.142857 0.651786 0.241071 0.223214
2 0.363839 0.569196 0.183036 0.183036
2 0.040179 0.437500 0.080357 0.187500
2 0.220982 0.386161 0.200893 0.218750
2 0.854911 0.377232 0.209821 0.236607
2 0.892857 0.098214 0.205357 0.196429
2 0.526786 0.254464 0.428571 0.508929
2 0.171875 0.095982 0.343750 0.191964
