4 0.821429 0.970982 0.169643 0.049107
4 0.169643 0.883929 0.241071 0.223214
4 0.689732 0.859375 0.209821 0.263393
4 0.468750 0.785714 0.232143 0.303571
4 0.064732 0.683036 0.129464 0.285714
4 0.272321 0.537946 0.214286 0.290179
4 0.792411 0.609375 0.406250 0.620536
4 0.084821 0.357143 0.169643 0.258929
4 0.917411 0.332589 0.156250 0.254464
4 0.433036 0.321429 0.241071 0.294643
4 0.941964 0.031250 0.107143 0.062500
4 0.716518 0.120536 0.209821 0.241071
4 0.274554 0.120536 0.245536 0.241071
4 0.026786 0.107143 0.053571 0.214286
