0 0.285714 0.933036 0.062500 0.125000
0 0.946429 0.854911 0.098214 0.227679
0 0.660714 0.832589 0.339286 0.325893
0 0.392857 0.662946 0.133929 0.147321
0 0.133929 0.779018 0.267857 0.433036
0 0.941964 0.479911 0.089286 0.093750
0 0.058036 0.517857 0.071429 0.205357
0 0.191964 0.444196 0.160714 0.138393
0 0.397321 0.352679 0.151786 0.267857
0 0.607143 0.223214 0.080357 0.080357
0 0.515625 0.254464 0.093750 0.178571
0 0.736607 0.468750 0.517857 0.669643
0 0.825893 0.151786 0.107143 0.223214
0 0.857143 0.046875 0.071429 0.093750
0 0.678571 0.040179 0.151786 0.080357
0 0.437500 0.080357 0.125000 0.160714
0 0.234375 0.055804 0.058036 0.111607
0 0.080357 0.174107 0.160714 0.348214
