4 0.031250 0.883929 0.062500 0.223214
4 0.866071 0.872768 0.232143 0.245536
4 0.616071 0.863839 0.214286 0.263393
4 0.220982 0.819196 0.254464 0.254464
4 0.955357 0.716518 0.080357 0.254464
4 0.421875 0.696429 0.209821 0.250000
4 0.015625 0.473214 0.031250 0.232143
4 0.154018 0.437500 0.227679 0.276786
4 0.497768 0.408482 0.200893 0.245536
4 0.758929 0.368304 0.205357 0.245536
4 0.930804 0.319196 0.129464 0.272321
4 0.796875 0.022321 0.156250 0.044643
4 0.540179 0.095982 0.250000 0.191964
4 0.252232 0.145089 0.236607 0.290179
