4 0.808036 0.935268 0.214286 0.120536
4 0.258929 0.897321 0.205357 0.196429
4 0.573661 0.850446 0.254464 0.290179
4 0.087054 0.819196 0.174107 0.352679
4 0.446429 0.620536 0.223214 0.339286
4 0.881696 0.625000 0.227679 0.366071
4 0.227679 0.531250 0.241071 0.321429
4 0.029018 0.475446 0.058036 0.290179
4 0.665179 0.453125 0.223214 0.352679
4 0.466518 0.198661 0.209821 0.290179
4 0.861607 0.207589 0.232143 0.325893
4 0.176339 0.207589 0.281250 0.334821
4 0.642857 0.055804 0.196429 0.111607
4 0.111607 0.020089 0.160714 0.040179
