0 0.575893 0.814732 0.133929 0.183036
0 0.410714 0.854911 0.312500 0.281250
0 0.821429 0.837054 0.312500 0.316964
0 0.245536 0.712054 0.294643 0.325893
0 0.879464 0.589286 0.125000 0.125000
0 0.118304 0.502232 0.236607 0.200893
0 0.866071 0.334821 0.151786 0.142857
0 0.366071 0.419643 0.196429 0.348214
0 0.959821 0.162946 0.071429 0.129464
0 0.716518 0.308036 0.513393 0.616071
0 0.542411 0.071429 0.093750 0.142857
0 0.462054 0.073661 0.049107 0.147321
0 0.330357 0.120536 0.205357 0.241071
0 0.154018 0.095982 0.093750 0.191964
