4 0.714286 0.904018 0.241071 0.183036
4 0.453125 0.879464 0.263393 0.232143
4 0.214286 0.879464 0.214286 0.232143
4 0.901786 0.776786 0.187500 0.348214
4 0.662946 0.638393 0.245536 0.312500
4 0.109375 0.604911 0.218750 0.343750
4 0.401786 0.553571 0.250000 0.321429
4 0.868304 0.401786 0.254464 0.366071
4 0.595982 0.265625 0.254464 0.325893
4 0.229911 0.223214 0.299107 0.339286
4 0.875000 0.116071 0.241071 0.232143
4 0.638393 0.022321 0.187500 0.044643
4 0.357143 0.017857 0.169643 0.035714
4 0.060268 0.100446 0.120536 0.200893
