4 0.631696 0.962054 0.165179 0.066964
4 0.138393 0.875000 0.178571 0.241071
4 0.937500 0.841518 0.116071 0.254464
4 0.310268 0.825893 0.165179 0.241071
4 0.602679 0.743304 0.196429 0.245536
4 0.062500 0.524554 0.125000 0.263393
4 0.946429 0.515625 0.098214 0.254464
4 0.267857 0.477679 0.187500 0.241071
4 0.687500 0.368304 0.196429 0.263393
4 0.093750 0.245536 0.080357 0.071429
4 0.435268 0.294643 0.183036 0.250000
4 0.919643 0.107143 0.151786 0.214286
4 0.303571 0.051339 0.205357 0.102679
4 0.064732 0.127232 0.129464 0.254464
