4 0.107143 0.966518 0.187500 0.058036
4 0.379464 0.962054 0.142857 0.066964
4 0.866071 0.959821 0.160714 0.071429
4 0.017857 0.819196 0.035714 0.174107
4 0.638393 0.825893 0.214286 0.294643
4 0.234375 0.763393 0.245536 0.258929
4 0.910714 0.649554 0.169643 0.281250
4 0.546875 0.553571 0.218750 0.258929
4 0.102679 0.497768 0.205357 0.290179
4 0.350446 0.426339 0.254464 0.245536
4 0.816964 0.417411 0.214286 0.263393
4 0.020089 0.171875 0.040179 0.209821
4 0.792411 0.120536 0.406250 0.241071
4 0.359375 0.131696 0.272321 0.263393
