4 0.727679 0.901786 0.044643 0.133929
4 0.031250 0.906250 0.062500 0.178571
4 0.625000 0.904018 0.214286 0.183036
4 0.897321 0.752232 0.187500 0.227679
4 0.241071 0.736607 0.232143 0.303571
4 0.486607 0.613839 0.205357 0.281250
4 0.714286 0.564732 0.169643 0.227679
4 0.107143 0.428571 0.214286 0.294643
4 0.948661 0.383929 0.093750 0.258929
4 0.654018 0.285714 0.236607 0.241071
4 0.290179 0.196429 0.205357 0.276786
4 0.919643 0.091518 0.151786 0.183036
4 0.587054 0.062500 0.174107 0.125000
4 0.303571 0.031250 0.142857 0.062500
