4 0.165179 0.928571 0.294643 0.133929
4 0.564732 0.904018 0.263393 0.183036
4 0.834821 0.854911 0.258929 0.281250
4 0.305804 0.743304 0.254464 0.334821
4 0.053571 0.727679 0.107143 0.312500
4 0.595982 0.631696 0.254464 0.316964
4 0.872768 0.466518 0.209821 0.299107
4 0.352679 0.361607 0.267857 0.330357
4 0.087054 0.363839 0.174107 0.343750
4 0.613839 0.283482 0.209821 0.281250
4 0.808036 0.191964 0.187500 0.258929
4 0.587054 0.049107 0.236607 0.098214
4 0.250000 0.095982 0.267857 0.191964
4 0.049107 0.069196 0.098214 0.138393
