2 0.915179 0.970982 0.160714 0.049107
2 0.479911 0.868304 0.370536 0.254464
2 0.167411 0.854911 0.218750 0.263393
2 0.825893 0.819196 0.294643 0.343750
2 0.591518 0.638393 0.191964 0.178571
2 0.066964 0.593750 0.133929 0.178571
2 0.783482 0.470982 0.236607 0.263393
2 0.522321 0.417411 0.241071 0.299107
2 0.267857 0.435268 0.267857 0.334821
2 0.064732 0.316964 0.129464 0.339286
2 0.446429 0.151786 0.187500 0.232143
2 0.933036 0.031250 0.125000 0.062500
2 0.689732 0.169643 0.299107 0.339286
2 0.243304 0.120536 0.227679 0.241071
2 0.051339 0.058036 0.102679 0.116071
