2 0.330357 0.926339 0.214286 0.138393
2 0.906250 0.888393 0.178571 0.214286
2 0.051339 0.861607 0.102679 0.267857
2 0.502232 0.707589 0.191964 0.281250
2 0.707589 0.729911 0.388393 0.531250
2 0.194196 0.660714 0.316964 0.419643
2 0.944196 0.575893 0.102679 0.303571
2 0.895089 0.299107 0.200893 0.241071
2 0.055804 0.299107 0.111607 0.276786
2 0.274554 0.301339 0.272321 0.316964
2 0.566964 0.337054 0.366071 0.397321
2 0.678571 0.053571 0.401786 0.107143
2 0.332589 0.073661 0.245536 0.147321
2 0.133929 0.035714 0.142857 0.071429
