3 0.743304 0.924107 0.209821 0.142857
3 0.078125 0.904018 0.156250 0.183036
3 0.354911 0.899554 0.272321 0.191964
3 0.618304 0.732143 0.245536 0.312500
3 0.957589 0.705357 0.075893 0.267857
3 0.205357 0.674107 0.285714 0.348214
3 0.062500 0.482143 0.125000 0.303571
3 0.901786 0.448661 0.187500 0.281250
3 0.450893 0.468750 0.294643 0.366071
3 0.743304 0.272321 0.218750 0.294643
3 0.158482 0.241071 0.245536 0.303571
3 0.854911 0.062500 0.281250 0.125000
3 0.513393 0.142857 0.205357 0.285714
3 0.348214 0.033482 0.178571 0.066964
3 0.073661 0.020089 0.147321 0.040179
