2 0.720982 0.950893 0.111607 0.089286
2 0.341518 0.921875 0.147321 0.147321
2 0.254464 0.790179 0.142857 0.294643
2 0.093750 0.810268 0.178571 0.334821
2 0.879464 0.660714 0.232143 0.383929
2 0.587054 0.696429 0.299107 0.598214
2 0.372768 0.544643 0.290179 0.473214
2 0.107143 0.479911 0.205357 0.370536
2 0.906250 0.267857 0.107143 0.223214
2 0.765625 0.243304 0.165179 0.263393
2 0.584821 0.232143 0.241071 0.285714
2 0.366071 0.147321 0.178571 0.276786
2 0.754464 0.026786 0.116071 0.053571
2 0.573661 0.062500 0.209821 0.125000
2 0.160714 0.209821 0.321429 0.419643
