4 0.569196 0.888393 0.200893 0.214286
4 0.252232 0.879464 0.165179 0.232143
4 0.770089 0.875000 0.218750 0.241071
4 0.915179 0.734375 0.160714 0.281250
4 0.444196 0.687500 0.174107 0.294643
4 0.093750 0.649554 0.187500 0.325893
4 0.676339 0.569196 0.209821 0.272321
4 0.283482 0.544643 0.138393 0.223214
4 0.879464 0.397321 0.232143 0.339286
4 0.529018 0.372768 0.191964 0.290179
4 0.171875 0.263393 0.183036 0.267857
4 0.714286 0.167411 0.267857 0.308036
4 0.919643 0.071429 0.151786 0.142857
4 0.419643 0.154018 0.196429 0.308036
4 0.127232 0.082589 0.254464 0.165179
